     0/149     4.14G   0.08735   0.05412   0.05662    0.1981       339       640 0.0007076  0.002604 2.404e-05 3.597e-06    0.1264   0.05494   0.06601
     1/149     4.58G   0.08428   0.02783   0.05388     0.166       313       640  0.004623   0.01689 0.0005777 8.117e-05    0.1172   0.06174   0.06201
     2/149     4.58G   0.07919   0.02839   0.05042     0.158       339       640   0.01727   0.03106  0.004329 0.0007207    0.1092   0.06951   0.05724
     3/149     4.59G   0.07435   0.02975   0.04664    0.1507       328       640   0.02728    0.0838    0.0157  0.003073    0.1018    0.0734   0.05308
     4/149     4.59G   0.07029    0.0312   0.04295    0.1444       276       640    0.0851    0.2172   0.06732   0.01518   0.09342   0.07565   0.04915
     5/149     4.59G   0.06607   0.03121   0.03938    0.1367       325       640    0.1347     0.362    0.1338   0.03293   0.08922   0.07202   0.04705
     6/149     4.59G   0.06158    0.0293    0.0361     0.127       327       640    0.3144    0.3131     0.225   0.06574   0.08397   0.06908   0.04523
     7/149     4.59G   0.05865   0.02974   0.03284    0.1212       306       640     0.397    0.3925    0.3276    0.1016   0.08099   0.06343    0.0439
     8/149     4.59G   0.05673   0.03022   0.03062    0.1176       342       640    0.3075    0.4751    0.3671    0.1152    0.0782   0.06336   0.04246
     9/149     4.59G   0.05564   0.02919   0.02787    0.1127       307       640    0.3463    0.4047    0.3463    0.1063   0.07876   0.06579   0.04192
    10/149     4.59G   0.05263   0.02918   0.02688    0.1087       337       640      0.33    0.5231    0.4033    0.1177   0.07465   0.06659    0.0409
    11/149     4.59G   0.05238   0.02862   0.02502     0.106       361       640    0.4826    0.4186    0.4226    0.1115   0.07568   0.06575   0.04005
    12/149     4.59G   0.05471   0.02624   0.02306     0.104       282       640     0.579    0.5716    0.5651    0.1957   0.08935    0.0603   0.03943
    13/149     4.59G   0.05457   0.02532   0.02012       0.1       321       640    0.5263    0.4882    0.5261    0.1698   0.08714   0.06156    0.0393
    14/149     4.59G   0.05246   0.02508   0.02136   0.09891       333       640     0.553     0.564    0.5821    0.2182   0.07695   0.06942   0.03812
    15/149     4.59G   0.05033   0.02713   0.02175   0.09921       319       640    0.7038    0.5432    0.5933    0.2874   0.07107    0.0712   0.03652
    16/149     4.59G   0.04684   0.02662   0.02012   0.09357       361       640    0.7775    0.4633     0.577    0.2416   0.06855   0.07198   0.03533
    17/149     4.59G    0.0479   0.02583   0.01889   0.09262       323       640    0.6864    0.5153    0.4725    0.1306   0.08039   0.06454    0.0348
    18/149     4.59G    0.0472   0.02463   0.01907    0.0909       325       640     0.705    0.5911    0.6589    0.2947   0.07238   0.06713   0.03396
    19/149     4.59G   0.04688   0.02453   0.01724   0.08866       326       640    0.8272     0.533    0.5968    0.2429   0.06887   0.07324   0.03404
    20/149     4.59G   0.04725   0.02561   0.01747   0.09033       352       640    0.6845    0.5857    0.6678    0.3139   0.07324   0.06983   0.03329
    21/149     4.59G   0.04663   0.02489   0.01686   0.08838       387       640    0.6177    0.6346    0.6783    0.2437   0.07179   0.06574   0.03275
    22/149     4.59G   0.04552   0.02391    0.0156   0.08503       308       640    0.6408    0.7035    0.6985    0.2638   0.06831   0.06729   0.03206
    23/149     4.59G   0.04428   0.02533    0.0148   0.08441       342       640    0.7925    0.6233    0.7278    0.2981   0.06652   0.06882   0.03159
    24/149     4.59G   0.04265   0.02592   0.01423   0.08281       412       640    0.8139    0.6859    0.7736    0.3632   0.06176   0.07136   0.03106
    25/149     4.59G   0.04254   0.02343   0.01226   0.07823       291       640     0.857    0.7204    0.8048    0.3338   0.06057   0.07492   0.03086
    26/149     4.59G   0.04059     0.024   0.01151   0.07609       375       640    0.7779    0.7049    0.7554    0.3438   0.05768   0.07476   0.03086
    27/149     4.59G   0.03966   0.02408   0.01096   0.07471       342       640    0.7881    0.7514    0.8331    0.4524   0.05447   0.07651   0.03031
    28/149     4.59G    0.0389   0.02432   0.01033   0.07355       339       640    0.8812    0.6792      0.82    0.4103   0.05485   0.07574   0.03009
    29/149     4.59G   0.03679   0.02386   0.01015    0.0708       386       640    0.7068    0.8691    0.8308    0.4556   0.05333   0.07583    0.0299
    30/149     4.59G   0.03604   0.02468  0.009165   0.06989       285       640    0.8649    0.7976    0.8658    0.4934    0.0517   0.07496   0.02931
    31/149     4.59G    0.0364   0.02506  0.009126   0.07059       376       640    0.6788    0.8575    0.7963    0.4149   0.05336    0.0738   0.02914
    32/149     4.59G   0.03384   0.02373   0.00821   0.06578       307       640    0.7668    0.8585    0.8529    0.4951   0.05044   0.07409   0.02888
    33/149     4.59G   0.03535   0.02317  0.008515   0.06703       349       640    0.8724    0.8111    0.8498    0.4751   0.05116   0.07637   0.02893
    34/149     4.59G   0.03426   0.02125  0.007372   0.06289       328       640    0.8388    0.8421    0.8762    0.4783   0.05085   0.07926   0.02846
    35/149     4.59G   0.03513   0.02295  0.007066   0.06514       348       640    0.8166    0.8273    0.8512     0.492   0.04957   0.07811   0.02878
    36/149     4.59G   0.03303   0.02241  0.007326   0.06277       338       640    0.9256     0.775    0.8935    0.5175   0.04982   0.07778   0.02802
    37/149     4.59G   0.03234   0.02165  0.006623   0.06061       430       640    0.8655    0.8299    0.8831    0.5284   0.04883    0.0783   0.02797
    38/149     4.59G   0.03186   0.02139  0.006665   0.05992       300       640    0.8849    0.8621    0.9188    0.5126   0.04928   0.07818   0.02764
    39/149     4.59G   0.03281   0.02085  0.006383   0.06005       260       640    0.9082    0.8349    0.9074    0.5091   0.04995   0.07864   0.02747
    40/149     4.59G   0.03242   0.02068  0.006055   0.05915       381       640     0.873    0.8659    0.8859    0.5291   0.04938   0.07986   0.02735
    41/149     4.59G   0.03217   0.01992  0.005583   0.05767       370       640     0.897     0.895     0.907    0.5431   0.04957   0.08173   0.02722
    42/149     4.59G   0.03176    0.0212  0.005789   0.05874       299       640    0.8831    0.8405    0.9047    0.5585   0.04821   0.07891   0.02722
    43/149     4.59G   0.03017   0.02176  0.005393   0.05733       359       640    0.9329    0.8886     0.935    0.5566   0.04774   0.07916   0.02697
    44/149     4.59G   0.03031   0.01875  0.005048   0.05411       324       640    0.8654    0.9005    0.8976    0.4932   0.04955   0.07962   0.02695
    45/149     4.59G   0.03345   0.01961   0.00463    0.0577       312       640    0.8657    0.8222    0.8808    0.3661   0.05619   0.07959   0.02678
    46/149     4.59G   0.03966   0.02209  0.005534   0.06728       300       640    0.8384     0.839    0.8566    0.4292   0.04997   0.07925   0.02682
    47/149     4.59G   0.03422   0.02096   0.00572    0.0609       291       640    0.8611    0.9018    0.9289    0.5258   0.05051   0.07996   0.02603
    48/149     4.59G    0.0362   0.02147   0.00568   0.06335       360       640    0.8346    0.8624    0.8907    0.4821   0.05161   0.08253   0.02652
    49/149     4.59G   0.03514   0.02053  0.004963   0.06063       350       640    0.9203    0.8729    0.9385    0.5331   0.05248   0.07884    0.0262
    50/149     4.59G   0.03405   0.02139  0.004789   0.06022       328       640    0.8659    0.9095    0.9209    0.5245   0.05026   0.08161   0.02644
    51/149     4.59G   0.03289   0.01939   0.00463   0.05691       290       640    0.9164     0.875    0.9285     0.531   0.04966   0.07946   0.02693
    52/149     4.59G   0.03071   0.02106   0.00464   0.05641       292       640    0.9162    0.8358    0.9056    0.5517   0.04853   0.08306   0.02631
    53/149     4.59G   0.03059   0.01893  0.003946   0.05346       360       640    0.9452     0.889      0.95    0.5527   0.04806   0.08344   0.02588
    54/149     4.59G   0.02855   0.01916  0.004351   0.05207       312       640    0.9101    0.8893    0.9481    0.5853   0.04797   0.08153   0.02605
    55/149     4.59G   0.03354   0.01972  0.004265   0.05752       344       640     0.898    0.8846      0.94    0.5307   0.04997   0.08926   0.02555
    56/149     4.59G   0.03162    0.0209    0.0045   0.05702       355       640    0.9667    0.8943    0.9542     0.575   0.04881   0.08196   0.02572
    57/149     4.59G   0.03039   0.01903  0.004345   0.05376       349       640    0.9246    0.8364    0.9124    0.5646   0.04926     0.083   0.02676
    58/149     4.59G   0.02793   0.01912  0.003999   0.05105       334       640    0.8839    0.9287    0.9338    0.5778   0.04805   0.08601   0.02602
    59/149     4.59G   0.02826   0.01897  0.003666   0.05089       343       640    0.9554    0.9019    0.9616    0.5801   0.04769   0.08422   0.02576
    60/149     4.59G   0.02831   0.01916  0.004171   0.05164       329       640     0.924    0.8719    0.9409    0.5915    0.0468   0.08677   0.02585
    61/149     4.59G   0.02807   0.01829  0.003663   0.05002       318       640    0.8815    0.9519    0.9552    0.5729   0.04757   0.08457     0.026
    62/149     4.59G   0.02758   0.01838  0.003778   0.04973       348       640    0.8815    0.9146     0.934    0.5894   0.04701   0.08761   0.02564
    63/149     4.59G   0.02736   0.01815  0.003369   0.04888       348       640    0.9325    0.8946    0.9455    0.5813   0.04729   0.08733    0.0257
    64/149     4.59G   0.02783   0.01928  0.003833   0.05094       266       640    0.8882    0.9474    0.9492    0.5918   0.04737   0.08763   0.02581
    65/149     4.59G   0.02857   0.01747  0.003623   0.04966       287       640    0.8954    0.9359     0.955    0.5623   0.04789    0.0892   0.02532
    66/149     4.59G   0.02702   0.01797  0.003585   0.04857       308       640    0.9237    0.9018    0.9381    0.5812   0.04728   0.08595   0.02543
    67/149     4.59G   0.02923   0.01754  0.003087   0.04986       322       640     0.906    0.9132    0.9531    0.6037   0.04728   0.08822   0.02529
    68/149     4.59G   0.02586   0.01873  0.003839   0.04843       395       640    0.9488    0.9107     0.958    0.6127    0.0473   0.08793   0.02525
    69/149     4.59G   0.02627   0.01662  0.003526   0.04641       238       640    0.9442    0.9252    0.9631     0.586   0.04692   0.08742   0.02583
    70/149     4.59G   0.02853   0.01778  0.003163   0.04948       325       640    0.9639    0.9057    0.9591    0.6106   0.04636   0.08847   0.02522
    71/149     4.59G    0.0282   0.01865  0.003484   0.05034       380       640    0.9485    0.9142     0.966    0.5935   0.04716   0.08964   0.02506
    72/149     4.59G   0.02568   0.01717  0.003219   0.04607       272       640    0.9389    0.8906    0.9511    0.6218   0.04588   0.08776   0.02502
    73/149     4.59G   0.02556   0.01842  0.003714    0.0477       282       640    0.9385    0.9036    0.9562    0.6195   0.04574   0.08823   0.02496
    74/149     4.59G   0.02558   0.01788  0.003325   0.04679       289       640    0.8962    0.9035    0.9495    0.6043   0.04603   0.08767   0.02501
    75/149     4.59G   0.02645   0.01806  0.003315   0.04782       344       640    0.9631    0.8698    0.9467    0.5843   0.04705   0.09096   0.02483
    76/149     4.59G   0.02636   0.01688  0.003116   0.04636       251       640    0.9189    0.9591     0.972    0.6201   0.04624    0.0888   0.02481
    77/149     4.59G   0.02634   0.01694  0.003044   0.04632       361       640    0.9069    0.9564    0.9585    0.6096    0.0466   0.08765   0.02518
    78/149     4.59G   0.02572   0.01883  0.003398   0.04795       317       640    0.8983    0.9203    0.9367    0.6011   0.04582   0.09116   0.02571
    79/149     4.59G   0.02468   0.01734   0.00288    0.0449       270       640    0.8941    0.9182    0.9355    0.6141   0.04621   0.08989   0.02561
    80/149     4.59G   0.02455    0.0173  0.002749    0.0446       327       640    0.9171    0.8993     0.943    0.6249   0.04483   0.09126   0.02571
    81/149     4.59G   0.02528   0.01806  0.003028   0.04637       356       640     0.933      0.93    0.9627    0.6127   0.04513   0.09023   0.02523
    82/149     4.59G   0.02636   0.01642  0.002881   0.04565       318       640    0.9517    0.9039    0.9637    0.6226   0.04506   0.09036   0.02522
    83/149     4.59G   0.02514   0.01744  0.002822    0.0454       308       640    0.9717    0.9366    0.9775    0.6273   0.04438   0.09025   0.02526
    84/149     4.59G   0.02437   0.01735  0.002979    0.0447       400       640    0.9399    0.9042    0.9582    0.6199   0.04515   0.08999   0.02571
    85/149     4.59G   0.02403   0.01741   0.00271   0.04415       277       640    0.9311    0.9313    0.9581    0.6155   0.04395   0.08959   0.02548
    86/149     4.59G   0.02428   0.01673  0.002686    0.0437       297       640    0.9056    0.9373    0.9605    0.6214   0.04443   0.09066   0.02544
    87/149     4.59G    0.0239    0.0184  0.002987   0.04529       362       640     0.947     0.945    0.9752    0.6212    0.0449   0.08742    0.0252
    88/149     4.59G   0.02443   0.01819   0.00264   0.04526       360       640    0.9736    0.9095    0.9728    0.6294   0.04425   0.08931   0.02494
    89/149     4.59G   0.02394   0.01704  0.002653   0.04364       354       640    0.9518    0.9195    0.9717    0.6233   0.04447   0.08922   0.02508
    90/149     4.59G   0.02377   0.01672  0.002405    0.0429       392       640    0.8914    0.9628      0.97    0.6279   0.04544    0.0889    0.0249
    91/149     4.59G   0.02405   0.01763  0.002871   0.04455       263       640    0.9263    0.9489    0.9732    0.6232   0.04458   0.08767   0.02494
    92/149     4.59G   0.02357   0.01728  0.002642   0.04349       248       640     0.919    0.9501    0.9679    0.6322   0.04398   0.08792   0.02447
    93/149     4.59G   0.02374   0.01704  0.003049   0.04383       312       640    0.9305    0.9323    0.9671    0.6124   0.04426   0.08878   0.02442
    94/149     4.59G   0.02315   0.01736   0.00232   0.04283       297       640    0.9419    0.9326    0.9773    0.6241   0.04408   0.08705   0.02412
    95/149     4.59G   0.02198    0.0159  0.002615   0.04049       324       640    0.9472    0.9552    0.9732    0.6281   0.04377   0.08787   0.02463
    96/149     4.59G    0.0235   0.01696  0.002579   0.04304       334       640     0.956    0.9627    0.9771    0.6295   0.04424   0.08849   0.02452
    97/149     4.59G   0.02236   0.01622  0.002024    0.0406       376       640    0.9624    0.9376     0.966    0.6193   0.04429   0.08928   0.02425
    98/149     4.59G    0.0225   0.01641  0.002455   0.04137       346       640    0.9629    0.9385    0.9718    0.6274   0.04347   0.08905   0.02446
    99/149     4.59G   0.02327   0.01635  0.002535   0.04216       358       640     0.963    0.9242     0.969     0.606   0.04438   0.08976    0.0247
   100/149     4.59G    0.0225   0.01723  0.002439   0.04217       316       640    0.9532    0.9082    0.9757    0.6155   0.04291   0.08985   0.02477
   101/149     4.59G   0.02221   0.01636  0.002258   0.04083       270       640    0.9267    0.9426    0.9794    0.6254   0.04288   0.08986   0.02472
   102/149     4.59G   0.02208   0.01689  0.002291   0.04127       307       640    0.9042    0.9677    0.9643    0.6232   0.04305   0.09023   0.02458
   103/149     4.59G   0.02199   0.01646  0.001913   0.04036       406       640    0.9433    0.9435    0.9731    0.6222   0.04335   0.09043   0.02458
   104/149     4.59G    0.0221   0.01518  0.001957   0.03924       228       640    0.9608     0.913    0.9707     0.637   0.04318   0.09209   0.02441
   105/149     4.59G   0.02145   0.01482  0.001857   0.03812       306       640    0.9561    0.9519    0.9741    0.6369   0.04302    0.0915   0.02433
   106/149     4.59G   0.02269   0.01714  0.002234   0.04207       279       640    0.9432    0.9602    0.9689    0.6384   0.04277    0.0901   0.02417
   107/149     4.59G   0.02206   0.01655  0.002215   0.04082       329       640    0.9622    0.9497    0.9709    0.6425    0.0426   0.09205   0.02407
   108/149     4.59G   0.02142   0.01597  0.002023   0.03941       375       640    0.9747     0.938    0.9767    0.6358   0.04265   0.09141   0.02439
   109/149     4.59G   0.02188   0.01658  0.002203   0.04067       343       640    0.9619    0.9582    0.9787    0.6353   0.04249   0.09129   0.02447
   110/149     4.59G   0.02172   0.01603  0.002184   0.03993       358       640    0.9625    0.9481    0.9781    0.6296   0.04259   0.09093    0.0246
   111/149     4.59G   0.02164   0.01656  0.002074   0.04027       329       640    0.9483     0.959    0.9814    0.6364   0.04225    0.0907   0.02443
   112/149     4.59G   0.02155   0.01632  0.002312   0.04018       288       640    0.9773    0.9331     0.977    0.6349   0.04212   0.09186   0.02424
   113/149     4.59G   0.02153   0.01525  0.002134   0.03891       227       640    0.9329    0.9534    0.9629    0.6232   0.04235   0.09203   0.02416
   114/149     4.59G   0.02097   0.01573  0.001769   0.03847       341       640    0.9718    0.9123    0.9713    0.6274   0.04228   0.09106   0.02424
   115/149     4.59G   0.02105   0.01526  0.002148   0.03846       275       640    0.9322    0.9311     0.966    0.6257   0.04212    0.0918   0.02454
   116/149     4.59G    0.0213   0.01624  0.002024   0.03956       359       640     0.932    0.9407    0.9688     0.628   0.04203   0.09049   0.02461
   117/149     4.59G   0.02102   0.01534  0.001984   0.03835       354       640    0.9713    0.9276    0.9686    0.6354   0.04176   0.09072   0.02438
   118/149     4.59G   0.02083   0.01586  0.001973   0.03867       395       640    0.9575    0.9345     0.968    0.6307    0.0417   0.09171   0.02442
   119/149     4.59G   0.02139   0.01672  0.002359   0.04047       294       640    0.9412    0.9545    0.9684    0.6291   0.04167   0.09154   0.02433
   120/149     4.59G   0.02132   0.01579  0.002072   0.03918       270       640    0.9616    0.9409    0.9783    0.6395   0.04141   0.09181   0.02437
   121/149     4.59G   0.02114   0.01519  0.001786   0.03812       345       640    0.9701    0.9423    0.9784    0.6329   0.04138   0.09097   0.02427
   122/149     4.59G   0.02067    0.0161   0.00207   0.03883       306       640     0.964    0.9379    0.9687    0.6312   0.04151   0.09034   0.02409
   123/149     4.59G   0.02081   0.01583  0.001885   0.03852       346       640    0.9671    0.9264    0.9661    0.6311   0.04153   0.09148    0.0241
   124/149     4.59G   0.02102   0.01587  0.001874   0.03876       319       640    0.9679     0.948    0.9763    0.6304   0.04143   0.09212   0.02405
   125/149     4.59G    0.0203   0.01441  0.001886    0.0366       336       640    0.9718    0.9466    0.9771    0.6351   0.04138   0.09169   0.02415
   126/149     4.59G   0.02101   0.01625  0.002054   0.03931       351       640    0.9647    0.9375    0.9724    0.6291   0.04149   0.09163    0.0244
   127/149     4.59G   0.02091   0.01648  0.001963   0.03935       288       640    0.9564    0.9331    0.9667    0.6349   0.04158   0.09113   0.02436
   128/149     4.59G   0.02035   0.01568  0.001623   0.03766       331       640    0.9676    0.9509    0.9757    0.6328   0.04156   0.09171   0.02427
   129/149     4.59G   0.02057   0.01687  0.001858    0.0393       375       640    0.9654    0.9447    0.9773    0.6275   0.04163   0.09214   0.02422
   130/149     4.59G   0.02072   0.01622  0.002112   0.03905       398       640    0.9571    0.9376    0.9748    0.6328   0.04155   0.09216    0.0242
   131/149     4.59G   0.02047   0.01562  0.001828   0.03792       379       640    0.9826    0.9337    0.9709    0.6268   0.04144   0.09264   0.02415
   132/149     4.59G   0.02078    0.0147  0.001883   0.03737       299       640    0.9842    0.9411    0.9806    0.6292   0.04136   0.09279   0.02419
   133/149     4.59G   0.02039   0.01517  0.001525   0.03708       303       640    0.9835    0.9365    0.9736    0.6317   0.04142   0.09203    0.0242
   134/149     4.59G   0.02106    0.0153  0.001951   0.03831       319       640    0.9617    0.9474    0.9777    0.6381   0.04124   0.09139   0.02434
   135/149     4.59G   0.02022   0.01453  0.001565   0.03632       351       640    0.9747    0.9407    0.9782     0.632   0.04126   0.09154   0.02433
   136/149     4.59G   0.02081   0.01478   0.00161    0.0372       277       640    0.9705    0.9265    0.9701    0.6344   0.04118   0.09178    0.0243
   137/149     4.59G   0.02017   0.01488  0.001836   0.03688       328       640    0.9732    0.9218    0.9708    0.6349   0.04119   0.09198   0.02427
   138/149     4.59G   0.02021   0.01537   0.00171   0.03729       307       640    0.9816    0.9304    0.9785     0.634   0.04112   0.09202   0.02425
   139/149     4.59G   0.02077   0.01629  0.001905   0.03896       414       640    0.9694    0.9268    0.9674    0.6298   0.04119   0.09208   0.02425
   140/149     4.59G   0.02087   0.01613  0.001993   0.03899       379       640    0.9773    0.9371    0.9739    0.6288   0.04114   0.09198   0.02426
   141/149     4.59G   0.02101   0.01628  0.002004    0.0393       381       640    0.9783    0.9358    0.9736    0.6314   0.04123   0.09209    0.0243
   142/149     4.59G   0.02011   0.01452  0.001724   0.03635       338       640     0.979    0.9366    0.9742    0.6292   0.04116   0.09235   0.02434
   143/149     4.59G   0.02064   0.01596  0.001729   0.03833       311       640    0.9696    0.9314    0.9659    0.6289   0.04112   0.09236   0.02432
   144/149     4.59G   0.02068   0.01493  0.001782    0.0374       316       640     0.966    0.9381    0.9657    0.6329   0.04102   0.09229   0.02426
   145/149     4.59G   0.02028   0.01503  0.001613   0.03692       336       640    0.9663    0.9433    0.9686    0.6349   0.04099    0.0922   0.02423
   146/149     4.59G   0.02084   0.01503   0.00174   0.03761       271       640    0.9667    0.9436    0.9656    0.6306     0.041   0.09218    0.0242
   147/149     4.59G   0.02029   0.01433  0.001827   0.03644       330       640    0.9673     0.942    0.9693    0.6313   0.04102   0.09194   0.02422
   148/149     4.59G    0.0203   0.01416  0.001866   0.03632       327       640    0.9674    0.9414    0.9697    0.6313   0.04105   0.09192   0.02422
   149/149     4.59G   0.02065   0.01545  0.002025   0.03813       303       640     0.968     0.937    0.9693    0.6308   0.04105   0.09197    0.0242
